-.69907
1.50622
-2.49324
-1.81824
1.45666
1.16048
1.32980
1.65505
.29425
.82623
-.22687
-.35975
.30600
.63821
.57943
.84974
1.30922
1.33039
1.08111
1.00677
1.27420
2.83265
2.03864
.80592
1.37802
-1.05719
-1.76132
-.28852
-.53436
-1.14725
.36242
-1.46973
-.56586
-3.03672
-2.60897
-2.19388
.15490
1.43435
1.88850
1.93688
2.40765
2.30318
2.28875
2.29630
2.19089
2.40715
-.85478
-1.15446
-.87731
-.93521
-.53592
-.39864
-1.11577
-.13703
.52875
-1.28993
-1.17074
-.62997
-.61078
-.19939
.10728
-.86228
-.09902
-.21154
-.41820
-.46493
.29138
-.57066
-.76019
-.52462
-.05737
-.30897
-1.73154
-.19162
-1.23211
-.52765
-.49304
-1.93033
-1.01672
-1.11743
-.95172
-.87892
.56459
.08705
.15334
.43576
.34525
-.39711
-.03552
-.04896
1.00053
1.78379
.08190
.63627
.09124
-.21317
-.60012
.14046
-.33651
-.18524
.97481
-1.00183
-1.07572
-1.34924
-1.28143
.03324
.36160
.64918
.69297
.59188
1.32848
1.14956
.77051
.09372
.78674
.26333
.15270
-1.30586
-.71688
-.53633
.07337
.05621
-.12790
.02457
-.75336
-.60185
-.53710
-.06434
.12190
.07319
-.24215
-.08240
-.23570
.29172
-1.07977
.43540
.57672
-.06250
-.06849
.17862
-.11472
-.05368
-.32342
-.16000
-.30275
-.04451
-.73301
-1.00154
-1.38025
-1.32062
-1.08928
.66854
.59506
1.36734
1.17789
1.10867
.79095
1.30547
.58524
1.31799
1.80664
-.50239
-1.26097
-1.17352
-1.04448
.46726
.66507
1.26278
1.59639
-.15776
-1.76399
-.39479
-.44290
-.47588
-.07914
.08937
-.61308
-2.27124
-2.27395
.31172
-.10185
.67023
.53526
.32649
-1.77123
-1.89184
-.72929
-.28375
.10509
-1.47321
.07387
-.18170
-.23373
-.78787
-1.28527
-1.96366
-1.65804
.44205
-.31362
-.58823
-.69608
-.32834
.02415
-.18418
-.46029
.91637
-.51931
-.74481
-.11530
-.29705
-.06908
-.51293
-.18676
-.21967
.26180
-.23440
-.46087
-1.08381
-.63605
-.76187
.38801
.44251
-1.97050
.39881
.20725
-.49325
.30886
.16574
-.14674
-1.03673
-.23012
.00836
1.34090
1.47254
.64735
1.86604
.75249
2.06655
1.42237
-.41149
-.82150
-.24518
-.81196
1.11803
.53855
.24010
.57274
.55520
.58216
2.06832
1.66365
.97233
1.15614
-.26559
-.23903
.05552
-.16672
.92350
-.32059
-.08752
-.36631
-1.42425
.35930
-.73182
-.88170
-.91696
.60936
.20134
.61216
.58648
-1.07764
-.47048
1.12740
-.51527
1.01895
.83786
-.81723
-1.85627
-.70625
.24679
.69734
.45193
.26745
.55404
1.25175
-.16081
-.66578
-.48802
-.97888
.97325
.78204
.66023
1.18014
1.37898
-.23860
-.33333
.82161
1.66527
1.14040